sequential/simple_rnn/kernel:0
(1, 80)
[[-0.16624483  0.18336415  0.17616746 -0.15740305 -0.04453822  0.01452126
  -0.07480298  0.10283449  0.18300992 -0.06090835 -0.09372377  0.05250141
  -0.09112921 -0.13859199  0.01836026 -0.026094   -0.17196135  0.04441004
  -0.1854299  -0.15206926  0.10201835  0.11061088 -0.15498476  0.12805
  -0.13318646 -0.09121813  0.20893127 -0.02394238  0.0989513   0.10621658
   0.19105464 -0.09086411 -0.14069898  0.18348078  0.03297638  0.03196282
   0.02677049 -0.06465272 -0.16307054 -0.01065615  0.07176073  0.0830416
   0.03038875 -0.12275172 -0.05566118 -0.12105651 -0.13890406 -0.03895329
   0.10120669 -0.12466563  0.0577951  -0.04844862  0.17241503  0.12300055
   0.06017433 -0.08127412  0.1524203  -0.08619935  0.01584534  0.03906971
   0.11401191 -0.07875127  0.15733673 -0.07687917 -0.0326109  -0.03216856
  -0.12384128 -0.17571376  0.05639968  0.10154676  0.16159935 -0.11191284
  -0.04706262 -0.0298021   0.0782127   0.1178238  -0.13340017  0.10072166
   0.01995442  0.05773881]]
sequential/simple_rnn/recurrent_kernel:0
(80, 80)
[[ 0.11044324 -0.05998296  0.08390585 ... -0.08578993  0.08407256
  -0.07147969]
 [ 0.02856451  0.22440468  0.17479378 ... -0.10308819 -0.02715111
   0.05066569]
 [ 0.11395352 -0.02443618  0.11688352 ... -0.06484328 -0.15183055
  -0.03621314]
 ...
 [-0.02230218  0.01122152  0.0752416  ...  0.12020302  0.07551097
  -0.1105639 ]
 [ 0.2029039  -0.04856796 -0.0643346  ... -0.04931392  0.10505423
  -0.01433998]
 [-0.12761083 -0.22898652 -0.05890796 ... -0.11774171 -0.12543029
  -0.09686323]]
sequential/simple_rnn/bias:0
(80,)
[ 0.06760802 -0.06367612 -0.05075561  0.05898606  0.01829248 -0.00745624
  0.0209593  -0.02963797 -0.07338259  0.02685686  0.03653962 -0.00569637
  0.02579853  0.04535802 -0.00924917  0.00782567  0.06762915 -0.01378435
  0.06121793  0.05428728 -0.02909379 -0.04347637  0.05259114 -0.03589047
  0.04186504  0.02090929 -0.0543588   0.00311508 -0.02493617 -0.05187079
 -0.05847794  0.03067399  0.04497524 -0.06000879 -0.0140143  -0.01098534
 -0.00902243  0.01959726  0.05880767 -0.00727587 -0.02982532 -0.03610823
 -0.00993897  0.04613199  0.01664426  0.0413569   0.03817758  0.017836
 -0.0367895   0.03834478 -0.02271438  0.01617421 -0.04840183 -0.04908441
 -0.02803869  0.02610304 -0.05442655  0.02829276 -0.00900891 -0.00989776
 -0.03926821  0.0179403  -0.05049399  0.0260127   0.01195918  0.01814001
  0.04876383  0.05699938 -0.01924593 -0.03832523 -0.05906922  0.01296898
  0.02126533  0.00149966 -0.02738246 -0.04237133  0.04813803 -0.04421205
 -0.00013818 -0.01927189]
sequential/simple_rnn_1/kernel:0
(80, 100)
[[ 0.05622345 -0.01770961  0.01883904 ... -0.07127068  0.03142034
   0.153652  ]
 [ 0.04609584 -0.18130378 -0.18383251 ... -0.07771214  0.13811356
   0.09929028]
 [ 0.06568757  0.12253236 -0.02931857 ...  0.00924676 -0.12428948
   0.05693763]
 ...
 [ 0.14894754 -0.1614573   0.08503134 ...  0.16793823  0.00368888
   0.12290801]
 [-0.04237597 -0.08997118  0.10467825 ... -0.14282034 -0.12951714
  -0.00557198]
 [-0.08036824 -0.23225674  0.02217506 ... -0.05626355 -0.12593079
   0.01336955]]
sequential/simple_rnn_1/recurrent_kernel:0
(100, 100)
[[ 0.12219249 -0.00330797 -0.11249179 ...  0.05287891 -0.03497565
   0.032692  ]
 [-0.1129695  -0.10224894 -0.11688804 ... -0.1552758  -0.20300843
  -0.02217516]
 [ 0.08020298  0.07082048 -0.00262655 ... -0.03095737  0.04437185
   0.03699682]
 ...
 [ 0.06409141  0.07141782  0.02375449 ... -0.12124495 -0.0913265
   0.07851928]
 [ 0.00404261 -0.05409333 -0.08049769 ...  0.03489516  0.1419563
  -0.01770347]
 [-0.06061181  0.04778665 -0.01878557 ... -0.08074924 -0.09283261
  -0.06140262]]
sequential/simple_rnn_1/bias:0
(100,)
[ 0.02588663 -0.01629449 -0.00953196 -0.00993228 -0.01358311 -0.01530058
  0.0003713   0.02681144  0.01947537  0.00681312 -0.0150574  -0.01196072
  0.02055532  0.01397235 -0.02376341 -0.02653068 -0.01127406 -0.00271283
 -0.00882037 -0.02239513 -0.0072499   0.01579316  0.02580136  0.0114821
  0.00191687 -0.0067028  -0.02400674  0.00657996 -0.02205059  0.00819731
 -0.011462    0.01338568  0.01350998  0.01508279  0.00437039 -0.01044119
  0.00153108 -0.02612392 -0.01014138 -0.02027942  0.01931871 -0.01197779
 -0.02457105  0.01768545  0.02170383  0.01280386  0.01391048  0.00383932
 -0.00373396  0.02013318 -0.00187655 -0.02309586  0.00909213  0.01932688
  0.02075976 -0.01016468 -0.00687865  0.00469593  0.00024263 -0.0120292
  0.01368772 -0.01684098  0.00628464 -0.01461707 -0.00852092  0.00836112
  0.00379931 -0.01162991 -0.00677633  0.01063169  0.0169553   0.02640665
 -0.0112391  -0.00889748  0.01213846  0.00323088 -0.01449657 -0.01765687
 -0.01068623 -0.0133913   0.02134899  0.00395338 -0.02011885  0.0180134
  0.00727679  0.02570724  0.00071699  0.00520943 -0.00097905 -0.02308802
 -0.02817473 -0.01042319  0.0065182  -0.00672568  0.01439495  0.02956752
  0.01691293  0.00639022  0.01282373 -0.02934653]
sequential/dense/kernel:0
(100, 1)
[[ 0.07832411]
 [-0.03278264]
 [-0.07287059]
 [-0.09941784]
 [-0.12059929]
 [-0.09585641]
 [-0.07208994]
 [ 0.19757497]
 [-0.08786997]
 [ 0.10620636]
 [-0.18319666]
 [-0.10060953]
 [ 0.00603857]
 [ 0.09521556]
 [-0.11280399]
 [-0.09052047]
 [-0.02944071]
 [-0.17033333]
 [-0.1451347 ]
 [-0.07159238]
 [-0.17524216]
 [ 0.09925211]
 [ 0.06871738]
 [ 0.11050437]
 [-0.15133241]
 [-0.04938249]
 [-0.02704342]
 [ 0.06090888]
 [-0.03598675]
 [-0.11800265]
 [-0.16070941]
 [ 0.06292102]
 [ 0.13403103]
 [ 0.10809523]
 [ 0.0741535 ]
 [-0.04475536]
 [-0.03374434]
 [-0.03951863]
 [-0.08891287]
 [-0.09329808]
 [ 0.1715952 ]
 [-0.04123713]
 [-0.06801876]
 [ 0.08613216]
 [ 0.05375571]
 [ 0.10148937]
 [ 0.11389541]
 [-0.08526061]
 [-0.16826838]
 [ 0.08138909]
 [-0.06825323]
 [-0.07254357]
 [-0.0239221 ]
 [ 0.11484854]
 [ 0.10822883]
 [-0.0392868 ]
 [-0.06435324]
 [ 0.11503904]
 [-0.15475592]
 [-0.05372382]
 [ 0.18806879]
 [-0.06074449]
 [ 0.05484289]
 [-0.09166712]
 [-0.16994117]
 [-0.08993272]
 [-0.1885999 ]
 [-0.04196949]
 [-0.107479  ]
 [ 0.12609626]
 [ 0.09730593]
 [ 0.16284879]
 [-0.05071371]
 [-0.1790539 ]
 [ 0.04297086]
 [ 0.0326362 ]
 [-0.05810494]
 [-0.16004148]
 [-0.07788868]
 [-0.03230359]
 [ 0.17101754]
 [ 0.18346657]
 [-0.04480877]
 [ 0.07656587]
 [ 0.09270583]
 [ 0.11824966]
 [-0.04385337]
 [ 0.14996077]
 [-0.10371207]
 [-0.10849371]
 [-0.0870604 ]
 [-0.05913606]
 [ 0.15463069]
 [-0.07044569]
 [ 0.1485299 ]
 [ 0.16668157]
 [ 0.15833384]
 [ 0.05619922]
 [ 0.11910756]
 [-0.15200132]]
sequential/dense/bias:0
(1,)
[0.22032735]
